rosrun camera_calibration cameracalibrator.py --size 11x10 --square 0.0676 image:=/uav1/tellopy_wrapper/rgb/image_raw

mono pinhole calibration...
D = [-0.030801026384372737, 0.12074238137787453, 0.007389158172456661, 0.004696793411715399, 0.0]
K = [933.5640667549508, 0.0, 500.5657553739987, 0.0, 931.5001605952165, 379.0130687255228, 0.0, 0.0, 1.0]
R = [1.0, 0.0, 0.0, 0.0, 1.0, 0.0, 0.0, 0.0, 1.0]
P = [942.8484497070312, 0.0, 503.21163889504896, 0.0, 0.0, 939.0140380859375, 382.6534805428564, 0.0, 0.0, 0.0, 1.0, 0.0]
None
# oST version 5.0 parameters


[image]

width
960

height
720

[narrow_stereo]

camera matrix
933.564067 0.000000 500.565755
0.000000 931.500161 379.013069
0.000000 0.000000 1.000000

distortion
-0.030801 0.120742 0.007389 0.004697 0.000000

rectification
1.000000 0.000000 0.000000
0.000000 1.000000 0.000000
0.000000 0.000000 1.000000

projection
942.848450 0.000000 503.211639 0.000000
0.000000 939.014038 382.653481 0.000000
0.000000 0.000000 1.000000 0.000000
